     0/199    0.495G      6.13      14.2      24.7        45         9       416         0         0         0         0      8.09      4.07     0.891
     1/199    0.633G      7.47      2.61      5.52      15.6         5       416         0         0         0         0      10.4      6.52       836
     2/199    0.633G      7.77      1.88         2      11.7        12       416         0         0         0         0      7.06      23.2  4.29e+03
     3/199    0.633G      7.24     0.306      3.51      11.1        11       416         0         0         0         0      8.49  0.000503       356
     4/199    0.633G      6.61     0.174      8.04      14.8         6       416         0         0         0         0      7.26  0.000199  5.17e+03
     5/199    0.633G      6.35     0.263      13.6      20.2         7       416         0         0         0         0      7.34    0.0041  9.54e+04
     6/199    0.633G      6.15      0.31      18.3      24.7         7       416         0         0         0         0       7.3   0.00146   1.1e+06
     7/199    0.633G      5.95     0.418      17.7      24.1         7       416         0         0         0         0       7.3   0.00105  1.04e+06
     8/199    0.633G      5.45       0.5        13      18.9         8       416         0         0         0         0      10.7   1.5e+04  3.65e+04
     9/199    0.633G      5.74     0.368      3.54      9.64         7       416         0         0         0         0       9.2  8.33e+03  6.77e+03
    10/199    0.633G      5.51     0.412      5.86      11.8         9       416         0         0         0         0      7.22       328  1.03e+04
    11/199    0.633G       5.5     0.401      2.18      8.08         7       416         0         0         0         0      7.56      51.1  1.04e+04
    12/199    0.633G      5.54     0.352       2.7       8.6         7       416         0         0         0         0      10.7      25.3  7.36e+03
    13/199    0.633G       5.6     0.386      3.67      9.65         6       416         0         0         0         0      8.97      19.7   0.00746
    14/199    0.633G      5.37     0.454       2.3      8.13         4       416         0         0         0         0      9.07      18.2      89.6
    15/199    0.633G      5.47     0.398      4.62      10.5         8       416         0         0         0         0      10.1      10.7         0
    16/199    0.633G      5.37     0.397      7.12      12.9         8       416         0         0         0         0       8.2      13.2      65.2
    17/199    0.633G      5.19     0.451      1.48      7.12         6       416  0.000706      0.05  0.000172   0.00139      7.01      11.6    0.0388
    18/199    0.633G       5.1     0.484      1.72      7.31         6       416         0         0    0.0014         0      6.63     0.531         0
    19/199    0.633G      5.16     0.485      3.75      9.39         6       416         0         0         0         0      8.28     0.157       104
    20/199    0.633G      5.71     0.311      19.6      25.7         5       416         0         0  0.000451         0      7.52     0.184         0
    21/199    0.633G      5.29     0.346      3.66       9.3         6       416         0         0         0         0      7.58     0.372       790
    22/199    0.633G      5.23     0.457      4.05      9.74         7       416   0.00639      0.05   0.00584    0.0113      7.69     0.506       173
    23/199    0.633G      5.26     0.418      1.95      7.63        11       416   0.00955       0.1    0.0109    0.0174      7.59       0.8  0.000485
    24/199    0.633G       5.3     0.442      6.82      12.6         8       416    0.0139       0.2    0.0186    0.0261      6.71      2.12  7.83e-05
    25/199    0.633G      5.14     0.433      1.86      7.43         6       416    0.0207      0.15    0.0158    0.0363      6.53      2.22      13.8
    26/199    0.633G      5.39     0.334      1.74      7.46         7       416    0.0453      0.15    0.0929    0.0696       6.1     0.535      43.8
    27/199    0.633G      5.31     0.373     0.631      6.32         7       416     0.122     0.113     0.109     0.111      7.73     0.188      12.7
    28/199    0.633G      5.59     0.303      0.65      6.54         8       416      0.02      0.05    0.0138    0.0286      6.27     0.257  7.09e-07
    29/199    0.633G      5.21     0.372     0.214       5.8        10       416    0.0187      0.05   0.00915    0.0272      6.27      0.26  8.52e-06
    30/199    0.633G      5.17     0.375      4.04      9.58        10       416    0.0866      0.25    0.0871     0.129      5.67     0.282  4.85e-05
    31/199    0.633G      5.17     0.325      1.09      6.59         7       416    0.0844      0.35    0.0915     0.136      5.42     0.309   0.00129
    32/199    0.633G      4.97     0.358       1.9      7.24         8       416     0.115       0.5     0.276     0.186      5.09     0.291    0.0341
    33/199    0.633G      4.94     0.325      3.19      8.45         7       416     0.112      0.45      0.28      0.18      5.28     0.298     0.108
    34/199    0.633G       5.1     0.303     0.668      6.07         9       416     0.114       0.4       0.2     0.177      5.07     0.343      1.87
    35/199    0.633G      4.87     0.337      1.35      6.55        11       416     0.144       0.3     0.243     0.194      4.94     0.389     0.233
    36/199    0.633G      4.83     0.369     0.381      5.58         9       416     0.529      0.55     0.485       0.5      4.88     0.371   0.00506
    37/199    0.633G      4.69      0.47     0.789      5.95         8       416     0.276     0.375      0.32     0.317         5     0.427   0.00324
    38/199    0.633G      4.71     0.487     0.661      5.86         8       416     0.207     0.312     0.178     0.232      4.88     0.396   0.00132
    39/199    0.633G      4.92      0.38     0.307       5.6         5       416      0.58       0.5     0.459     0.497      4.72     0.347  0.000929
    40/199    0.633G      4.73     0.418      0.91      6.05         5       416     0.134      0.35       0.2     0.194      4.99     0.231  0.000622
    41/199    0.633G      4.71     0.433     0.559       5.7         9       416     0.693     0.692     0.611      0.63      4.69      0.24    0.0013
    42/199    0.633G      4.83     0.305     0.667       5.8         9       416     0.586     0.588     0.592     0.515      4.45     0.251   0.00241
    43/199    0.633G       5.1     0.313     0.582         6         7       416     0.465     0.465     0.448     0.431      4.65     0.244   0.00345
    44/199    0.633G      4.73     0.443     0.243      5.42         7       416     0.571     0.662     0.581     0.573      4.49     0.254   0.00517
    45/199    0.633G      4.43     0.357      1.24      6.02         9       416      0.61     0.673     0.616     0.617      4.41     0.271   0.00796
    46/199    0.633G      4.86     0.363     0.168      5.39         8       416     0.603     0.562     0.488      0.57      4.93     0.254    0.0119
    47/199    0.633G      4.78     0.289       2.6      7.67         6       416     0.661     0.613     0.497     0.627      4.46     0.272    0.0326
    48/199    0.633G      4.73     0.349      1.68      6.77         8       416     0.788     0.609      0.68     0.676       4.3     0.299     0.332
    49/199    0.633G      4.65     0.371     0.572      5.59         7       416     0.835     0.512     0.621     0.635      4.13     0.313     0.401
    50/199    0.633G      4.67     0.305     0.275      5.25         7       416     0.797     0.562     0.658     0.659      4.29     0.307     0.107
    51/199    0.633G      4.78     0.328     0.309      5.42         7       416     0.702     0.562     0.657      0.62      4.36     0.284    0.0332
    52/199    0.633G      4.63     0.378       1.1      6.11        10       416     0.793     0.662     0.685     0.709      4.32     0.266    0.0383
    53/199    0.633G      4.38     0.388     0.441      5.21         8       416     0.818     0.662     0.743     0.727      4.05     0.274    0.0297
    54/199    0.633G      4.44     0.325     0.231         5         7       416     0.832     0.618     0.764     0.709      4.32      0.27    0.0209
    55/199    0.633G      4.75     0.334     0.211       5.3         9       416     0.696     0.622     0.736     0.657      4.11     0.279    0.0185
    56/199    0.633G      4.66     0.294      0.24      5.19         6       416     0.584     0.616     0.649     0.597      4.14     0.276    0.0104
    57/199    0.633G      4.53     0.323     0.213      5.07         6       416     0.579     0.666     0.705     0.617      4.33      0.26   0.00878
    58/199    0.633G      4.55     0.326     0.295      5.17         7       416     0.542     0.662     0.697     0.589      4.35     0.253   0.00781
    59/199    0.633G      4.51     0.281      1.98      6.77         6       416     0.718     0.662     0.684      0.66      4.47     0.253      0.12
    60/199    0.633G      4.43     0.311      1.74      6.48        10       416     0.855     0.375     0.529     0.498      4.75     0.499     0.893
    61/199    0.633G      4.54     0.349     0.106      4.99         6       416     0.818     0.338     0.505     0.471      4.85     0.511      3.48
    62/199    0.633G      4.54     0.419      1.91      6.87         7       416     0.672     0.512     0.452     0.581      4.97     0.447      5.28
    63/199    0.633G      4.53     0.419      2.44      7.39         9       416     0.786     0.512     0.561     0.618      4.72     0.445      1.93
    64/199    0.633G      4.49     0.373     0.781      5.64         8       416     0.774     0.543     0.566     0.638      4.46     0.432     0.744
    65/199    0.633G      4.34     0.364     0.555      5.26         5       416     0.742     0.562     0.564     0.639      4.32     0.416     0.921
    66/199    0.633G       4.1       0.5     0.282      4.88         6       416     0.757     0.562     0.588     0.642      3.73     0.461      1.06
    67/199    0.633G      4.26     0.384     0.526      5.17         8       416     0.629     0.562     0.541     0.583      4.09     0.404     0.959
    68/199    0.633G      3.96     0.481      1.12      5.56         6       416     0.671     0.562     0.627     0.612      4.06     0.415    0.0192
    69/199    0.633G      3.87     0.505     0.382      4.76        12       416     0.556     0.575     0.632     0.565      3.86     0.511   0.00668
    70/199    0.633G      3.65     0.527     0.152      4.33         8       416     0.618     0.613     0.627     0.605       3.7     0.542   0.00411
    71/199    0.633G      3.53     0.744     0.314      4.58        10       416     0.725     0.607     0.648     0.658      3.26     0.684    0.0035
    72/199    0.633G      3.26       0.9      1.39      5.55         6       416     0.577     0.613     0.663     0.588      3.41     0.422   0.00498
    73/199    0.633G      3.08     0.849    0.0932      4.03         8       416      0.43      0.55     0.617     0.479      3.52     0.555    0.0097
    74/199    0.633G      3.01     0.925     0.103      4.04         6       416      0.48     0.675     0.661     0.561      3.56     0.395    0.0164
    75/199    0.633G      2.83     0.824    0.0689      3.73         7       416     0.422     0.672     0.628     0.518      3.22     0.652    0.0177
    76/199    0.633G      2.73     0.847     0.281      3.85         8       416     0.373     0.585     0.609     0.455       2.8     0.756    0.0169
    77/199    0.633G      2.55     0.779     0.927      4.26         9       416     0.442     0.675     0.651     0.534      2.65     0.693    0.0155
    78/199    0.633G      2.49     0.812      1.74      5.05         8       416     0.476     0.675     0.703     0.555      3.11     0.529    0.0183
    79/199    0.633G      2.53     0.771     0.176      3.48         8       416     0.412     0.675     0.666     0.511      2.43     0.638    0.0217
    80/199    0.633G       2.5     0.741     0.341      3.58        11       416     0.488     0.738     0.696     0.585      2.22     0.631     0.022
    81/199    0.633G      2.57     0.766     0.768       4.1        10       416     0.514     0.769     0.715     0.613      2.61     0.543    0.0192
    82/199    0.633G      2.32     0.755     0.504      3.58         9       416     0.575       0.8     0.761     0.633      2.33     0.551    0.0147
    83/199    0.633G       2.3     0.727     0.417      3.44         4       416     0.446       0.8     0.705     0.566      2.33     0.553    0.0126
    84/199    0.633G      2.41     0.685     0.312      3.41         6       416     0.442       0.8     0.715     0.557      2.02     0.572    0.0113
    85/199    0.633G      2.29     0.572    0.0974      2.96         6       416     0.447       0.8     0.723     0.565      2.32     0.542    0.0106
    86/199    0.633G      2.43      0.61     0.332      3.37        12       416     0.541       0.8     0.772      0.63      1.97     0.558    0.0102
    87/199    0.633G      2.26     0.587    0.0985      2.95         5       416     0.526       0.8     0.773     0.619      1.88     0.554    0.0105
    88/199    0.633G      2.27     0.673     0.179      3.12         8       416     0.503       0.8     0.766      0.61      2.31     0.512    0.0127
    89/199    0.633G       2.3      0.57    0.0547      2.93         7       416     0.487       0.8     0.797     0.599      2.15     0.511    0.0147
    90/199    0.633G      2.29     0.573     0.048      2.91         8       416     0.428       0.8     0.776      0.55      1.98     0.519    0.0176
    91/199    0.633G      2.25     0.608     0.469      3.33         6       416     0.449       0.8     0.788     0.557      2.16     0.512    0.0216
    92/199    0.633G      2.22     0.613    0.0741      2.91        10       416      0.53       0.8     0.796     0.598      1.95     0.517    0.0238
    93/199    0.633G      2.05     0.566     0.169      2.78         7       416     0.561     0.838     0.781      0.62      1.95     0.515     0.024
    94/199    0.633G      2.05     0.588     0.076      2.71         8       416     0.454      0.85     0.769     0.574      2.14     0.502    0.0237
    95/199    0.633G      2.05     0.556     0.525      3.14        10       416     0.467      0.85     0.783     0.595         2     0.501     0.022
    96/199    0.633G      1.98     0.571      0.84      3.39         4       416     0.466      0.85     0.823     0.577      1.74     0.498    0.0246
    97/199    0.633G         2     0.609    0.0631      2.67         8       416      0.43     0.787     0.792     0.525      1.86     0.486    0.0292
    98/199    0.633G      1.96     0.539     0.368      2.86         9       416     0.517      0.85     0.877     0.581      1.78     0.494    0.0329
    99/199    0.633G      2.03     0.532    0.0687      2.63         6       416     0.438      0.85     0.819     0.546      2.05     0.483    0.0336
   100/199    0.633G      2.03     0.511     0.112      2.65         8       416     0.486      0.85     0.839     0.589      1.91     0.478    0.0307
   101/199    0.633G      2.17     0.485     0.166      2.82         6       416     0.557      0.85      0.88     0.621      1.74     0.481     0.026
   102/199    0.633G      1.92     0.508    0.0727       2.5         6       416      0.61      0.85     0.902     0.653      1.64     0.484    0.0216
   103/199    0.633G      1.85     0.545    0.0434      2.44         8       416     0.443      0.85     0.718     0.555         2     0.467    0.0189
   104/199    0.633G      1.85     0.576     0.128      2.55        10       416      0.53      0.85     0.876     0.609      1.57     0.471    0.0182
   105/199    0.633G       1.8      0.55     0.597      2.95         4       416     0.601       0.9     0.914     0.676      1.65     0.459    0.0164
   106/199    0.633G      1.84     0.499     0.389      2.73         6       416     0.515       0.9     0.852     0.601      1.66     0.462    0.0362
   107/199    0.633G      1.86     0.538     0.495       2.9         9       416     0.444     0.916     0.887     0.578      1.67     0.463    0.0708
   108/199    0.633G      1.96     0.586     0.873      3.42         5       416     0.395      0.95     0.852     0.538      1.71     0.464     0.152
   109/199    0.633G      1.92     0.525     0.348      2.79         8       416     0.408      0.95     0.867      0.55      1.43     0.458     0.106
   110/199    0.633G      1.77     0.508     0.419       2.7         8       416     0.515      0.95      0.92     0.633      1.61      0.45    0.0619
   111/199    0.633G      1.85     0.501    0.0835      2.43         9       416     0.578      0.95     0.926     0.674      1.55     0.445     0.044
   112/199    0.633G      1.83      0.52      0.48      2.83         6       416     0.541      0.95     0.913     0.653      1.65     0.438    0.0321
   113/199    0.633G      1.83     0.511    0.0748      2.42        10       416     0.641      0.95     0.958     0.701       1.5     0.437    0.0247
   114/199    0.633G       1.9      0.53     0.179      2.61         6       416     0.603     0.949       0.9     0.684      1.67     0.432    0.0204
   115/199    0.633G      1.84     0.506     0.096      2.44         8       416     0.524      0.95     0.895     0.639      1.65     0.431    0.0183
   116/199    0.633G      1.75     0.523    0.0684      2.34         5       416     0.559      0.95      0.95     0.661       1.5      0.43    0.0158
   117/199    0.633G      1.82     0.527     0.687      3.04         7       416     0.562      0.95     0.957     0.664      1.56     0.427    0.0156
   118/199    0.633G      1.78     0.536     0.131      2.45         8       416     0.546      0.95     0.955     0.659      1.72     0.428    0.0148
   119/199    0.633G      1.77     0.546     0.593      2.91         6       416     0.577      0.95     0.939      0.69      1.64     0.427    0.0151
   120/199    0.633G      1.69     0.564    0.0632      2.32         6       416     0.555      0.95     0.926     0.676       1.6     0.426    0.0152
   121/199    0.633G      1.76     0.548    0.0535      2.36         5       416     0.572      0.95     0.953     0.683      1.56     0.422    0.0146
   122/199    0.633G      1.69     0.522     0.142      2.35        10       416     0.553      0.95     0.954     0.668       1.6     0.421     0.013
   123/199    0.633G      1.69     0.558     0.107      2.35         6       416     0.616      0.95     0.969     0.714      1.44     0.413     0.011
   124/199    0.633G      1.63     0.524    0.0442       2.2         9       416     0.583      0.95      0.97     0.695      1.48     0.419    0.0097
   125/199    0.633G      1.62     0.533    0.0697      2.22         6       416     0.583      0.95      0.97     0.695      1.47     0.418    0.0091
   126/199    0.633G      1.71      0.45     0.194      2.35         8       416     0.586      0.95     0.969     0.696       1.5      0.42    0.0088
   127/199    0.633G      1.72     0.511    0.0315      2.26         7       416     0.596      0.95     0.971     0.707      1.47      0.42   0.00838
   128/199    0.633G      1.69     0.507    0.0682      2.26         9       416     0.565      0.95     0.971     0.685      1.33     0.414   0.00806
   129/199    0.633G      1.69      0.53      0.13      2.35         9       416     0.593      0.95     0.971     0.705       1.4     0.414   0.00772
   130/199    0.633G      1.55      0.48    0.0346      2.07         6       416     0.558      0.95      0.97     0.683      1.56     0.414   0.00708
   131/199    0.633G      1.69     0.477     0.855      3.02         8       416     0.587      0.95     0.971     0.699      1.53     0.414   0.00719
   132/199    0.633G      1.63     0.431     0.229      2.29         6       416     0.581      0.95      0.97     0.692      1.45      0.41   0.00756
   133/199    0.633G      1.63     0.479    0.0683      2.18         4       416     0.567      0.95     0.971     0.681      1.44     0.407   0.00756
   134/199    0.633G      1.69     0.559     0.101      2.35         6       416     0.594      0.95     0.971     0.712      1.34     0.407   0.00744
   135/199    0.633G      1.61     0.494     0.301       2.4         7       416     0.578      0.95      0.97     0.694      1.51     0.411   0.00765
   136/199    0.633G      1.59     0.493    0.0283      2.11        11       416     0.576      0.95     0.969     0.683      1.53     0.413   0.00853
   137/199    0.633G       1.5     0.485    0.0753      2.06         8       416     0.611      0.95     0.968     0.715      1.58     0.415   0.00879
   138/199    0.633G       1.7     0.564    0.0894      2.36         9       416     0.605      0.95     0.967     0.706      1.61     0.418   0.00861
   139/199    0.633G      1.56     0.454    0.0408      2.06         7       416     0.608      0.95     0.968     0.709      1.34     0.417   0.00805
   140/199    0.633G      1.54     0.495     0.315      2.35         8       416     0.618      0.95     0.967      0.72       1.3     0.419   0.00783
   141/199    0.633G      1.58     0.578     0.156      2.32         7       416     0.619      0.95     0.969      0.72      1.36     0.419   0.00758
   142/199    0.633G      1.68     0.567    0.0457      2.29         8       416     0.622      0.95     0.968     0.723       1.4     0.423   0.00742
   143/199    0.633G      1.58     0.485     0.028      2.09         9       416     0.624      0.95     0.967     0.724      1.31     0.418   0.00706
   144/199    0.633G      1.51     0.561     0.149      2.22         5       416     0.636      0.95     0.967     0.736      1.32     0.418   0.00679
   145/199    0.633G      1.55     0.523    0.0213      2.09         7       416     0.662      0.95     0.968     0.761      1.42     0.418   0.00643
   146/199    0.633G      1.57     0.565     0.422      2.56         8       416     0.637      0.95     0.968     0.736       1.3     0.418   0.00639
   147/199    0.633G      1.48     0.557    0.0162      2.05        12       416     0.647      0.95     0.965     0.746      1.37     0.419   0.00719
   148/199    0.633G      1.55     0.461    0.0272      2.04         6       416     0.634      0.95     0.966     0.733      1.36      0.42   0.00782
   149/199    0.633G      1.53     0.468     0.483      2.48         8       416     0.608      0.95     0.959     0.707      1.54     0.422   0.00872
   150/199    0.633G      1.49     0.499    0.0301      2.02        10       416     0.621      0.95     0.959      0.72      1.33     0.423    0.0103
   151/199    0.633G      1.54     0.528     0.125      2.19        10       416     0.609      0.95     0.959     0.708      1.55     0.427    0.0102
   152/199    0.633G      1.52     0.469    0.0382      2.03         7       416      0.67      0.95     0.959     0.768      1.41     0.425   0.00918
   153/199    0.633G       1.5     0.498    0.0224      2.02        10       416     0.646      0.95     0.959     0.747      1.35     0.419   0.00813
   154/199    0.633G      1.44     0.496    0.0528      1.99         8       416     0.634      0.95     0.959     0.735      1.35     0.416   0.00728
   155/199    0.633G      1.44     0.473     0.207      2.12         6       416     0.622      0.95     0.959     0.724      1.35     0.416   0.00667
   156/199    0.633G      1.37     0.478    0.0191      1.87         7       416     0.659      0.95      0.96      0.76      1.38     0.414   0.00621
   157/199    0.633G      1.47     0.474    0.0865      2.03         7       416     0.645      0.95      0.96     0.746      1.22     0.409   0.00559
   158/199    0.633G      1.49     0.496     0.715       2.7         7       416     0.661      0.95     0.961     0.761      1.28      0.41   0.00516
   159/199    0.633G      1.42     0.469    0.0244      1.92         9       416      0.65      0.95     0.959     0.751      1.25     0.408   0.00492
   160/199    0.633G      1.47     0.471     0.868      2.81         9       416     0.636      0.95      0.96      0.74      1.33     0.407   0.00484
   161/199    0.633G      1.42     0.468     0.102      1.99         5       416     0.663      0.95     0.959     0.764       1.3     0.407   0.00473
   162/199    0.633G      1.43     0.485     0.328      2.24         7       416     0.676      0.95     0.959     0.776      1.21     0.403   0.00456
   163/199    0.633G      1.44     0.495      0.33      2.27         8       416     0.658      0.95      0.96     0.761      1.28     0.405   0.00441
   164/199    0.633G       1.5     0.486     0.284      2.27         6       416     0.669      0.95      0.96      0.77      1.24     0.403   0.00424
   165/199    0.633G      1.44     0.472    0.0432      1.96         8       416     0.656      0.95      0.96     0.758      1.16     0.401   0.00421
   166/199    0.633G       1.5     0.489     0.163      2.15         8       416     0.645      0.95      0.96     0.748      1.25     0.404   0.00417
   167/199    0.633G      1.57     0.497      1.12      3.19         5       416     0.677      0.95      0.96     0.777      1.18     0.404   0.00415
   168/199    0.633G      1.41     0.477    0.0689      1.96         6       416      0.66      0.95     0.967     0.766       1.2     0.404   0.00415
   169/199    0.633G      1.42     0.494     0.118      2.04         9       416     0.635      0.95      0.96     0.746      1.29     0.404   0.00416
   170/199    0.633G      1.52     0.453     0.147      2.12        10       416      0.64      0.95      0.96     0.753      1.28     0.404   0.00399
   171/199    0.633G      1.57     0.507     0.447      2.52         8       416     0.623      0.95      0.96     0.738      1.32     0.403   0.00384
   172/199    0.633G      1.54     0.493    0.0696      2.11         6       416     0.622      0.95     0.961     0.738      1.28     0.401   0.00364
   173/199    0.633G      1.37     0.433    0.0297      1.83         6       416     0.639      0.95     0.962     0.753      1.22     0.399    0.0036
   174/199    0.633G      1.45     0.469    0.0529      1.97         6       416     0.639      0.95     0.962     0.753      1.23     0.399    0.0035
   175/199    0.633G      1.44     0.558    0.0708      2.07         6       416     0.639      0.95     0.962     0.753      1.19     0.396   0.00346
   176/199    0.633G      1.53     0.513    0.0185      2.06         7       416      0.61      0.95     0.962     0.726      1.26     0.398   0.00341
   177/199    0.633G      1.48     0.561     0.136      2.17        10       416     0.623      0.95     0.962     0.738      1.22     0.397   0.00338
   178/199    0.633G      1.47     0.534     0.197       2.2         7       416     0.636      0.95     0.962      0.75      1.22     0.397   0.00333
   179/199    0.633G      1.42     0.507     0.205      2.13         8       416     0.595      0.95     0.962     0.712      1.37       0.4   0.00333
   180/199    0.633G      1.39     0.494    0.0268      1.91         8       416     0.667      0.95     0.963     0.767      1.19     0.394   0.00333
   181/199    0.633G      1.46     0.524    0.0604      2.05         6       416     0.666      0.95      0.97     0.766      1.19     0.395   0.00329
   182/199    0.633G      1.33     0.461    0.0613      1.85         9       416     0.652      0.95      0.97     0.753      1.24     0.396   0.00331
   183/199    0.633G      1.36      0.48    0.0766      1.92         8       416     0.634      0.95     0.969     0.748      1.22     0.396    0.0033
   184/199    0.633G      1.31     0.478    0.0691      1.86         7       416     0.646      0.95     0.962     0.755       1.2     0.395   0.00328
   185/199    0.633G      1.44     0.513    0.0365      1.99         8       416     0.646      0.95     0.962     0.755      1.21     0.396   0.00329
   186/199    0.633G      1.35     0.535    0.0746      1.96         9       416     0.617      0.95     0.962     0.732       1.2     0.396   0.00325
   187/199    0.633G      1.34     0.497    0.0916      1.93         7       416     0.632      0.95     0.962     0.746      1.22     0.396   0.00326
   188/199    0.633G      1.43     0.504    0.0509      1.98         9       416      0.63      0.95     0.962     0.745       1.2     0.397    0.0032
   189/199    0.633G      1.37     0.398     0.714      2.48         6       416     0.628      0.95     0.962     0.743      1.21     0.398   0.00319
   190/199    0.633G      1.48      0.52    0.0443      2.04         7       416     0.628      0.95     0.962     0.743       1.2     0.398   0.00322
   191/199    0.633G      1.43     0.594    0.0305      2.05         8       416     0.631      0.95     0.961     0.744      1.19     0.397    0.0033
   192/199    0.633G       1.4     0.463    0.0559      1.92        10       416      0.63      0.95     0.961     0.744      1.19     0.397    0.0033
   193/199    0.633G      1.35     0.507    0.0163      1.87         6       416      0.63      0.95     0.961     0.744      1.19     0.396   0.00329
   194/199    0.633G      1.44     0.537     0.309      2.28         7       416     0.631      0.95     0.961     0.744      1.18     0.396   0.00328
   195/199    0.633G      1.41     0.449    0.0751      1.93         9       416     0.631      0.95     0.961     0.744      1.18     0.396   0.00327
   196/199    0.633G      1.33     0.485     0.116      1.93         6       416     0.631      0.95     0.961     0.744      1.19     0.396   0.00326
   197/199    0.633G      1.46     0.499     0.022      1.98         7       416     0.631      0.95     0.961     0.744      1.19     0.397   0.00328
   198/199    0.633G      1.46     0.485      1.07      3.01         8       416      0.65      0.95     0.961     0.755      1.19     0.396   0.00327
   199/199    0.633G      1.39      0.45    0.0524      1.89         5       416     0.652      0.95     0.961     0.756      1.19     0.397   0.00326
